Scatterer_ocean:NEEDS[!PoodsOPMVO]
{
	Ocean
	{
		name = Tekto
		m_foamAnsio = 9
		m_foamMipMapBias = 0
		m_whiteCapStr = 0
		shoreFoam = 0
		m_farWhiteCapStr = 0
		AMP = 1
		m_ansio = 2
		m_windSpeed = 3
		m_omega = 0.200000003
		m_varianceSize = 4
		m_oceanUpwellingColor = 0.00100000005,0.00689999992,0.0087799998
		m_UnderwaterColor = 0.100000001,0.100000001,0.100000001
		m_resolution = 4
		MAX_VERTS = 65000
		oceanScale = 1
		oceanAlpha = 0.920000017
		alphaRadius = 1000
		transparencyDepth = 10
		darknessDepth = 200
		refractionIndex = 1.75
	}
}
